joblib: data/pca32_mlp.joblib
top_type: <class 'dict'>
arrays.x_test type= <class 'numpy.ndarray'> shape= (450, 64) value= array([[0.    , 0.    , 0.5   , ..., 0.    , 0.    , 0.    ],
       [0.    , 0.    , 0.25  , ..., 0.6875, 0.    , 0.    ],
       [0.    , 0.    , 0.5   , ..., 0.9375, 0.0625, 0.    ],
       ...,
       [0.    , 0.    , 0.4375, ..., 0.375 , 0.    , 0.    ],
       [0.    , 0.    , 0.    , ..., 0.    , 0.    , 0.    ],
       [0.    , 0.    , 0.    , ..., 0.125 , 0.    , 0.    ]],
      shape=(450, 64))
arrays.x_test_32 type= <class 'numpy.ndarray'> shape= (8192, 32) value= array([[-3.98677571,  0.45233844,  0.79844603, ...,  0.47181573,
        -0.37719055, -0.3948827 ],
       [ 1.7974688 , -0.39426501,  0.19707604, ...,  0.63509161,
        -0.75608701, -0.45176705],
       [-0.79259728, -3.78050564, -4.41208235, ..., -0.01073872,
         1.51923455, -0.15713504],
       ...,
       [-1.72600032, -3.0925092 , -3.3692922 , ...,  0.51848763,
         0.29876218, -0.12997645],
       [ 1.9459315 , -2.38072045, -2.04567771, ..., -0.66091187,
         0.44208462,  0
arrays.x_test_32_base type= <class 'numpy.ndarray'> shape= (450, 32) value= array([[ 1.96580037e-01, -2.08290158e-01,  3.71187807e+00, ...,
        -9.17966813e-01, -4.22859069e-01, -1.32953134e-03],
       [-1.04940583e+00, -3.22894306e+00, -2.60068243e+00, ...,
         9.49130991e-02, -2.23438432e-03,  1.90852867e-01],
       [ 1.64571718e+00, -1.57338257e+00, -4.04980088e+00, ...,
         1.34479086e-01,  8.84679057e-01, -4.75422445e-01],
       ...,
       [ 1.88972059e+00,  4.41895861e-01, -3.30372536e+00, ...,
        -3.73887122e-01, -6.37385290e-01,  1.0762833
arrays.y_test_base type= <class 'numpy.ndarray'> shape= (450,) value= array([1, 0, 9, 1, 5, 6, 7, 9, 1, 5, 5, 9, 2, 2, 7, 6, 5, 4, 8, 6, 9, 4,
       0, 6, 0, 8, 2, 0, 4, 7, 3, 3, 8, 7, 4, 6, 5, 1, 5, 5, 4, 0, 8, 8,
       5, 8, 4, 3, 0, 7, 2, 5, 1, 2, 1, 1, 4, 4, 9, 5, 2, 5, 0, 9, 0, 2,
       4, 1, 7, 9, 6, 1, 8, 5, 4, 3, 4, 4, 3, 6, 1, 0, 1, 2, 3, 7, 7, 2,
       9, 6, 5, 8, 2, 6, 7, 5, 9, 7, 0, 5, 0, 1, 1, 9, 2, 4, 6, 5, 1, 0,
       0, 9, 8, 8, 4, 2, 8, 4, 1, 4, 0, 0, 7, 5, 7, 1, 3, 9, 2, 7, 2, 6,
       9, 7, 0, 0, 1, 6, 3, 5, 1, 6, 0, 9, 6, 7, 4, 1, 6, 6, 7
